0,443
0,442
0,441
0,440
0,439
0,438
0,437
0,436
0,435
0,434
0,433
0,432
0,431
0,430
0,429
0,428
0,427
0,426
0,425
0,424
0,423
0,422
0,421
0,420
0,419
0,418
0,417
0,416
0,415
0,414
0,413
0,412
0,278
0,411
31,3
31,2
31,1
31,0
0,410
0,409
0,408
0,407
0,406
0,405
0,404
0,403
0,402
0,401
0,400
0,399
0,398
0,397
0,396
0,395
0,394
0,393
0,392
0,391
0,390
0,389
30,5
0,388
0,387
0,386
30,4
30,3
30,2
30,1
30,0
0,385
0,384
29,4
29,3
29,2
29,1
29,0
0,319
0,318
28,3
28,2
28,1
28,0
0,317
0,316
27,4
27,3
27,2
0,283
0,243
27,1
27,0
26,3
26,2
0,9
26,1
26,0
25,52
25,51
25,50
25,49
25,48
25,47
